SensorName,SN,WO No.,User1,User2,User3,User4,Pressure,Flow,TestResult,TestTime
,,,,,,,,,,
,,,,,,,,,,
,,,,,,,,,,
Sensor 030,140815MOT0143,1,Ajayvignesh,-,-,-,79.596405,-0.676844,Pass,20140909215934
Sensor 030,140815MOT0148,1,Ajayvignesh,-,-,-,79.596405,-0.676844,Pass,20140909215934
Sensor 030,140815MOT0148,1,Ajayvignesh,-,-,-,79.596405,-0.676844,Pass,20140909215934
Sensor 017,140815MOT0150,,Ajayvignesh,-,-,-,79.121353,1.017369,Pass,20140908205214
Sensor 004,140815MOT0147,,Ajayvignesh,-,-,-,0.000000,0.000000,Fail,0
Sensor 003,140815MOT0148,,Ajayvignesh,-,-,-,0.000000,0.000000,Fail,0
Sensor 017,140815MOT0150,,Ajayvignesh,-,-,-,79.121353,1.017369,Pass,20140908205214
Sensor 030,140815MOT0150,,Ajayvignesh,-,-,-,79.596405,-0.676844,Pass,20140909215934
Sensor 003,140815MOT0148,,Ajayvignesh,-,-,-,0.000000,0.000000,Fail,0
Sensor 004,140815MOT0147,,Ajayvignesh,-,-,-,0.000000,0.000000,Fail,0
Sensor 030,140815MOT0151,,Ajayvignesh,-,-,-,79.596405,-0.676844,Pass,20140909215934
Sensor 030,140815MOT0151,1,Ajayvignesh,-,-,-,79.596405,-0.676844,Pass,20140909215934
Sensor 030,-,1,Ajayvignesh,-,-,-,79.596405,-0.676844,Pass,20140909215934
Sensor 030,140815MOT0151,1,Ajayvignesh,-,-,-,79.596405,-0.676844,Pass,20140909215934
Sensor 030,140815MOT0145,,Ajayvignesh,-,-,-,79.596405,-0.676844,Pass,20140909215934
Sensor 017,140815MOT0151,1,Ajayvignesh,-,-,-,79.121353,1.017369,Pass,20140908205214
Sensor 003,140815MOT0151,1,Ajayvignesh,-,-,-,0.000000,0.000000,Fail,0
Sensor 004,140815MOT0150,1,Ajayvignesh,-,-,-,0.000000,0.000000,Fail,0
Sensor 030,-,-,Ajayvignesh,-,-,-,79.596405,-0.676844,Pass,20140909215934
Sensor 017,-,1,Ajayvignesh,-,-,-,79.121353,1.017369,Pass,20140908205214
Sensor 017,-,-,Ajayvignesh,-,-,-,79.121353,1.017369,Pass,20140908205214
Sensor 003,-,-,Ajayvignesh,-,-,-,0.000000,0.000000,Fail,0
Sensor 030,-,-,Ajayvignesh,-,-,-,79.596405,-0.676844,Pass,20140909215934
Sensor 017,-,1,Ajayvignesh,-,-,-,79.121353,1.017369,Pass,20140908205214
Sensor 003,-,-,Ajayvignesh,-,-,-,0.000000,0.000000,Fail,0
Sensor 004,,,Ajayvignesh,-,-,-,0.000000,0.000000,Fail,0
Sensor 030,-,1,Ajayvignesh,-,-,-,79.596405,-0.676844,Pass,20140909215934
Sensor 030,-,-,Ajayvignesh,-,-,-,79.596405,-0.676844,Pass,20140909215934
Sensor 017,-,1,Ajayvignesh,-,-,-,79.121353,1.017369,Pass,20140908205214
Sensor 017,-,1,Ajayvignesh,-,-,-,79.121353,1.017369,Pass,20140908205214
Sensor 003,-,-,Ajayvignesh,-,-,-,0.000000,0.000000,Fail,0
Sensor 030,-,-,Ajayvignesh,-,-,-,79.596405,-0.676844,Pass,20140909215934
Sensor 017,-,-,Ajayvignesh,-,-,-,79.121353,1.017369,Pass,20140908205214
Sensor 017,-,-,Ajayvignesh,-,-,-,79.121353,1.017369,Pass,20140908205214
Sensor 003,-,1,Ajayvignesh,-,-,-,0.000000,0.000000,Fail,0
Sensor 030,-,1,Ajayvignesh,-,-,-,79.596405,-0.676844,Pass,20140909215934
Sensor 017,-,-,Ajayvignesh,-,-,-,79.121353,1.017369,Pass,20140908205214
Sensor 017,-,-,Ajayvignesh,-,-,-,79.121353,1.017369,Pass,20140908205214
Sensor 003,-,-,Ajayvignesh,-,-,-,0.000000,0.000000,Fail,0
Sensor 030,-,-,Ajayvignesh,-,-,-,79.596405,-0.676844,Pass,20140909215934
Sensor 017,-,1,Ajayvignesh,-,-,-,79.121353,1.017369,Pass,20140908205214
Sensor 003,-,1,Ajayvignesh,-,-,-,0.000000,0.000000,Fail,0
Sensor 004,,,Ajayvignesh,-,-,-,0.000000,0.000000,Fail,0
Sensor 030,-,-,Ajayvignesh,-,-,-,79.596405,-0.676844,Pass,20140909215934
Sensor 017,-,1,Ajayvignesh,-,-,-,79.121353,1.017369,Pass,20140908205214
Sensor 017,-,-,Ajayvignesh,-,-,-,79.121353,1.017369,Pass,20140908205214
Sensor 003,-,-,Ajayvignesh,-,-,-,0.000000,0.000000,Fail,0
Sensor 030,-,-,Ajayvignesh,-,-,-,79.596405,-0.676844,Pass,20140909215934
Sensor 017,-,1,Ajayvignesh,-,-,-,79.121353,1.017369,Pass,20140908205214
Sensor 017,-,1,Ajayvignesh,-,-,-,79.121353,1.017369,Pass,20140908205214
Sensor 003,-,-,Ajayvignesh,-,-,-,0.000000,0.000000,Fail,0
Sensor 030,-,-,Ajayvignesh,-,-,-,79.596405,-0.676844,Pass,20140909215934
Sensor 017,-,1,Ajayvignesh,-,-,-,79.121353,1.017369,Pass,20140908205214
Sensor 017,-,1,Ajayvignesh,-,-,-,79.121353,1.017369,Pass,20140908205214
Sensor 003,-,-,Ajayvignesh,-,-,-,0.000000,0.000000,Fail,0
Sensor 030,-,-,Ajayvignesh,-,-,-,79.596405,-0.676844,Pass,20140909215934
Sensor 017,-,-,Ajayvignesh,-,-,-,79.121353,1.017369,Pass,20140908205214
Sensor 030,140815MOT0145,1,Ajayvignesh,-,-,-,79.596405,-0.676844,Pass,20140909215934
Sensor 017,140815MOT0149,1,Ajayvignesh,-,-,-,79.121353,1.017369,Pass,20140908205214
Sensor 003,140815MOT0146,1,Ajayvignesh,-,-,-,0.000000,0.000000,Fail,0
Sensor 004,140815MOT0147,1,Ajayvignesh,-,-,-,0.000000,0.000000,Fail,0
Sensor 004,140815MOT0145,1,Ajayvignesh,-,-,-,0.000000,0.000000,Fail,0
Sensor 004,140815MOT0151,1,Ajayvignesh,-,-,-,0.000000,0.000000,Fail,0
Sensor 003,140815MOT0145,1,Ajayvignesh,-,-,-,0.000000,0.000000,Fail,0
Sensor 003,140815MOT0147,1,Ajayvignesh,-,-,-,0.000000,0.000000,Fail,0
Sensor 003,140815MOT0151,1,Ajayvignesh,-,-,-,0.000000,0.000000,Fail,0
Sensor 003,140815MOT0145,1,Ajayvignesh,-,-,-,0.000000,0.000000,Fail,0
Sensor 017,140815MOT0147,1,Ajayvignesh,-,-,-,79.121353,1.017369,Pass,20140908205214
Sensor 030,-,-,Ajayvignesh,-,-,-,79.596405,-0.676844,Pass,20140909215934
Sensor 030,140815MOT0146,1,Ajayvignesh,-,-,-,79.596405,-0.676844,Pass,20140909215934
Sensor 030,-,-,Ajayvignesh,-,-,-,79.596405,-0.676844,Pass,20140909215934
Sensor 030,140815MOT0151,1,Ajayvignesh,-,-,-,79.596405,-0.676844,Pass,20140909215934
Sensor 030,140815MOT0148,1,Ajayvignesh,-,-,-,79.596405,-0.676844,Pass,20140909215934
